0.44236168
0.58443518
0.67462890
0.75412959
0.79471130
0.81700230
0.83556608
0.84818950
0.86073835
0.87235019
0.88200903
0.89124948
0.90022748
0.90762745
0.91452781
0.92004097
0.92444186
0.92876152
0.93267702
0.93639354
0.93997590
0.94308833
0.94579784
0.94838780
0.95075769
0.95285723
0.95479033
0.95652379
0.95821317
0.95973794
0.96121287
0.96258831
0.96388659
0.96515059
0.96633705
0.96743875
0.96847744
0.96951280
0.97044601
0.97133634
0.97220017
0.97302093
0.97378801
0.97454075
0.97525158
0.97593206
0.97659067
0.97723508
0.97785077
0.97843656
0.97898091
0.97952419
0.98004868
0.98053317
0.98100411
0.98145006
0.98189047
0.98230307
0.98270527
0.98309721
0.98347895
0.98385022
0.98421158
0.98455573
0.98489586
0.98522014
0.98553652
0.98584393
0.98614492
0.98643256
0.98669934
0.98696213
0.98721849
0.98746249
0.98769831
0.98793106
0.98815932
0.98838455
0.98860084
0.98881388
0.98901968
0.98922208
0.98941688
0.98960781
0.98979382
0.98997631
0.99015574
0.99032745
0.99049622
0.99066417
0.99082528
0.99098584
0.99114043
0.99129224
0.99144061
0.99158768
0.99172744
0.99186154
0.99199140
0.99212007
0.99224500
0.99236570
0.99248366
0.99260046
0.99271338
0.99282546
0.99293548
0.99304210
0.99314730
0.99325076
0.99335133
0.99345120
0.99354866
0.99364401
0.99373723
0.99382867
0.99391733
0.99400343
0.99408831
0.99417132
0.99425288
0.99433350
0.99441107
0.99448730
0.99456227
0.99463558
0.99470795
0.99477966
0.99484936
0.99491796
0.99498577
0.99505268
0.99511927
0.99518477
0.99524875
0.99531195
0.99537376
0.99543392
0.99549305
0.99555174
0.99560850
0.99566488
0.99572005
0.99577392
0.99582718
0.99587975
0.99593202
0.99598310
0.99603398
0.99608348
0.99613204
0.99617999
0.99622760
0.99627439
0.99631996
0.99636462
0.99640877
0.99645215
0.99649478
0.99653679
0.99657811
0.99661918
0.99665948
0.99669912
0.99673846
0.99677691
0.99681483
0.99685178
0.99688856
0.99692481
0.99696043
0.99699580
0.99703071
0.99706473
0.99709838
0.99713179
0.99716504
0.99719691
0.99722848
0.99725975
0.99729031
0.99732072
0.99735052
0.99738029
0.99740942
0.99743800
0.99746611
0.99749391
0.99752111
0.99754828
0.99757476
0.99760111
0.99762724
0.99765276
0.99767796
0.99770308
0.99772776
0.99775225
0.99777662
0.99780025
0.99782370
0.99784685
0.99786950
0.99789194
0.99791397
0.99793583
0.99795732
0.99797844
0.99799939
0.99802018
0.99804077
0.99806107
0.99808081
0.99810038
0.99811968
0.99813881
0.99815777
0.99817642
0.99819493
0.99821311
0.99823116
0.99824917
0.99826679
0.99828396
0.99830096
0.99831793
0.99833457
0.99835119
0.99836763
0.99838396
0.99840010
0.99841606
0.99843159
0.99844698
0.99846213
0.99847705
0.99849193
0.99850658
0.99852114
0.99853560
0.99854982
0.99856394
0.99857772
0.99859148
0.99860507
0.99861839
0.99863168
0.99864485
0.99865799
0.99867088
0.99868366
0.99869631
0.99870876
0.99872095
0.99873309
0.99874514
0.99875695
0.99876870
0.99878041
0.99879199
0.99880337
0.99881469
0.99882566
0.99883653
0.99884727
0.99885796
0.99886859
0.99887913
0.99888956
0.99889988
0.99891010
0.99892011
0.99892999
0.99893979
0.99894948
0.99895911
0.99896867
0.99897813
0.99898745
0.99899676
0.99900598
0.99901511
0.99902410
0.99903300
0.99904181
0.99905056
0.99905922
0.99906778
0.99907628
0.99908470
0.99909305
0.99910126
0.99910929
0.99911720
0.99912508
0.99913293
0.99914070
0.99914841
0.99915602
0.99916357
0.99917107
0.99917845
0.99918570
0.99919287
0.99920000
0.99920702
0.99921402
0.99922097
0.99922782
0.99923463
0.99924133
0.99924797
0.99925457
0.99926111
0.99926751
0.99927390
0.99928024
0.99928652
0.99929274
0.99929894
0.99930505
0.99931110
0.99931707
0.99932301
0.99932887
0.99933470
0.99934046
0.99934621
0.99935191
0.99935753
0.99936305
0.99936853
0.99937394
0.99937930
0.99938463
0.99938990
0.99939517
0.99940040
0.99940556
0.99941065
0.99941570
0.99942069
0.99942564
0.99943055
0.99943542
0.99944024
0.99944499
0.99944970
0.99945433
0.99945890
0.99946346
0.99946796
0.99947244
0.99947686
0.99948123
0.99948557
0.99948987
0.99949408
0.99949825
0.99950239
0.99950650
0.99951056
0.99951459
0.99951856
0.99952251
0.99952644
0.99953033
0.99953419
0.99953803
0.99954183
0.99954562
0.99954937
0.99955311
0.99955680
0.99956046
0.99956407
0.99956767
0.99957121
0.99957471
0.99957816
0.99958159
0.99958501
0.99958839
0.99959176
0.99959510
0.99959838
0.99960165
0.99960487
0.99960809
0.99961126
0.99961440
0.99961752
0.99962060
0.99962364
0.99962667
0.99962968
0.99963266
0.99963560
0.99963854
0.99964145
0.99964435
0.99964723
0.99965010
0.99965295
0.99965575
0.99965853
0.99966130
0.99966404
0.99966675
0.99966944
0.99967210
0.99967474
0.99967735
0.99967994
0.99968251
0.99968506
0.99968759
0.99969011
0.99969261
0.99969509
0.99969754
0.99969997
0.99970238
0.99970478
0.99970717
0.99970954
0.99971189
0.99971423
0.99971654
0.99971882
0.99972109
0.99972334
0.99972554
0.99972774
0.99972993
0.99973209
0.99973425
0.99973638
0.99973849
0.99974059
0.99974267
0.99974473
0.99974678
0.99974880
0.99975082
0.99975283
0.99975481
0.99975676
0.99975871
0.99976065
0.99976257
0.99976447
0.99976637
0.99976825
0.99977010
0.99977193
0.99977376
0.99977557
0.99977737
0.99977916
0.99978094
0.99978271
0.99978446
0.99978619
0.99978790
0.99978960
0.99979128
0.99979293
0.99979457
0.99979621
0.99979783
0.99979944
0.99980104
0.99980262
0.99980419
0.99980575
0.99980730
0.99980882
0.99981033
0.99981182
0.99981330
0.99981478
0.99981624
0.99981768
0.99981911
0.99982053
0.99982194
0.99982334
0.99982473
0.99982611
0.99982747
0.99982883
0.99983019
0.99983152
0.99983284
0.99983415
0.99983546
0.99983676
0.99983804
0.99983932
0.99984058
0.99984183
0.99984306
0.99984429
0.99984550
0.99984671
0.99984792
0.99984911
0.99985029
0.99985147
0.99985264
0.99985381
0.99985497
0.99985611
0.99985724
0.99985836
0.99985948
0.99986059
0.99986169
0.99986277
0.99986385
0.99986492
0.99986599
0.99986704
0.99986809
0.99986913
0.99987016
0.99987119
0.99987221
0.99987322
0.99987423
0.99987522
0.99987621
0.99987720
0.99987818
0.99987914
0.99988010
0.99988106
0.99988200
0.99988293
0.99988386
0.99988478
0.99988568
0.99988659
0.99988749
0.99988838
0.99988926
0.99989013
0.99989100
0.99989187
0.99989272
0.99989357
0.99989441
0.99989525
0.99989608
0.99989690
0.99989771
0.99989852
0.99989932
0.99990012
0.99990092
0.99990171
0.99990248
0.99990326
0.99990402
0.99990478
0.99990553
0.99990628
0.99990702
0.99990776
0.99990849
0.99990922
0.99990994
0.99991066
0.99991137
0.99991208
0.99991278
0.99991347
0.99991416
0.99991485
0.99991553
0.99991621
0.99991687
0.99991753
0.99991819
0.99991884
0.99991948
0.99992012
0.99992075
0.99992138
0.99992201
0.99992263
0.99992324
0.99992386
0.99992447
0.99992507
0.99992567
0.99992626
0.99992685
0.99992743
0.99992801
0.99992859
0.99992916
0.99992974
0.99993031
0.99993087
0.99993143
0.99993198
0.99993253
0.99993307
0.99993361
0.99993414
0.99993467
0.99993520
0.99993572
0.99993624
0.99993675
0.99993726
0.99993777
0.99993827
0.99993877
0.99993927
0.99993977
0.99994026
0.99994075
0.99994123
0.99994171
0.99994219
0.99994266
0.99994313
0.99994359
0.99994405
0.99994451
0.99994496
0.99994542
0.99994586
0.99994631
0.99994675
0.99994719
0.99994762
0.99994805
0.99994847
0.99994889
0.99994931
0.99994973
0.99995014
0.99995055
0.99995096
0.99995137
0.99995177
0.99995216
0.99995256
0.99995295
0.99995334
0.99995372
0.99995411
0.99995449
0.99995487
0.99995525
0.99995562
0.99995599
0.99995635
0.99995672
0.99995708
0.99995743
0.99995778
0.99995814
0.99995848
0.99995883
0.99995917
0.99995952
0.99995986
0.99996020
0.99996053
0.99996087
0.99996119
0.99996152
0.99996185
0.99996217
0.99996249
0.99996281
0.99996312
0.99996343
0.99996374
0.99996404
0.99996435
0.99996465
0.99996494
0.99996524
0.99996553
0.99996583
0.99996612
0.99996641
0.99996669
0.99996698
0.99996726
0.99996754
0.99996781
0.99996809
0.99996836
0.99996864
0.99996891
0.99996917
0.99996943
0.99996970
0.99996996
0.99997021
0.99997047
0.99997072
0.99997097
0.99997122
0.99997147
0.99997172
0.99997196
0.99997220
0.99997244
0.99997268
0.99997292
0.99997315
0.99997339
0.99997362
0.99997385
0.99997408
0.99997430
0.99997453
0.99997475
0.99997497
0.99997519
0.99997541
0.99997562
0.99997583
0.99997604
0.99997625
0.99997646
0.99997667
0.99997687
0.99997708
0.99997728
0.99997748
0.99997768
0.99997788
0.99997808
0.99997827
0.99997846
0.99997865
0.99997885
0.99997903
0.99997922
0.99997941
0.99997959
0.99997978
0.99997996
0.99998014
0.99998032
0.99998049
0.99998067
0.99998084
0.99998102
0.99998119
0.99998136
0.99998153
0.99998170
0.99998187
0.99998203
0.99998220
0.99998236
0.99998252
0.99998268
0.99998284
0.99998300
0.99998316
0.99998331
0.99998347
0.99998362
0.99998377
0.99998392
0.99998407
0.99998422
0.99998437
0.99998451
0.99998466
0.99998480
0.99998494
0.99998509
0.99998523
0.99998537
0.99998550
0.99998564
0.99998578
0.99998591
0.99998605
0.99998618
0.99998631
0.99998644
0.99998657
0.99998670
0.99998682
0.99998695
0.99998707
0.99998720
0.99998732
0.99998744
0.99998756
0.99998768
0.99998780
0.99998792
0.99998804
0.99998815
0.99998827
0.99998838
0.99998849
0.99998861
0.99998872
0.99998883
0.99998894
0.99998904
0.99998915
0.99998926
0.99998936
0.99998947
0.99998957
0.99998968
0.99998978
0.99998988
0.99998998
0.99999008
0.99999018
0.99999028
0.99999038
0.99999047
0.99999057
0.99999067
0.99999076
0.99999085
0.99999095
0.99999104
0.99999113
0.99999122
0.99999131
0.99999140
0.99999148
0.99999157
0.99999166
0.99999174
0.99999182
0.99999191
0.99999199
0.99999208
0.99999216
0.99999224
0.99999232
0.99999240
0.99999248
0.99999256
0.99999264
0.99999271
0.99999279
0.99999287
0.99999294
0.99999302
0.99999309
0.99999317
0.99999324
0.99999331
0.99999338
0.99999346
0.99999353
0.99999360
0.99999366
0.99999373
0.99999380
0.99999387
0.99999394
0.99999400
0.99999407
0.99999413
0.99999420
0.99999426
0.99999432
0.99999439
0.99999445
0.99999451
0.99999457
0.99999463
0.99999469
0.99999475
0.99999481
0.99999487
0.99999493
0.99999498
0.99999504
0.99999510
0.99999515
0.99999521
0.99999526
0.99999532
0.99999537
0.99999543
0.99999548
0.99999553
0.99999558
0.99999563
0.99999569
0.99999574
0.99999579
0.99999583
0.99999588
0.99999593
0.99999598
0.99999603
0.99999608
0.99999612
0.99999617
0.99999621
0.99999626
0.99999631
0.99999635
0.99999639
0.99999644
0.99999648
0.99999653
0.99999657
0.99999661
0.99999665
0.99999669
0.99999673
0.99999677
0.99999681
0.99999685
0.99999689
0.99999693
0.99999697
0.99999700
0.99999704
0.99999708
0.99999711
0.99999715
0.99999719
0.99999722
0.99999726
0.99999729
0.99999733
0.99999736
0.99999740
0.99999743
0.99999746
0.99999749
0.99999753
0.99999756
0.99999759
0.99999762
0.99999765
0.99999768
0.99999771
0.99999774
0.99999777
0.99999780
0.99999783
0.99999786
0.99999789
0.99999792
0.99999795
0.99999797
0.99999800
0.99999803
0.99999806
0.99999808
0.99999811
0.99999814
0.99999816
0.99999819
0.99999821
0.99999824
0.99999826
0.99999829
0.99999831
0.99999833
0.99999836
0.99999838
0.99999841
0.99999843
0.99999845
0.99999847
0.99999850
0.99999852
0.99999854
0.99999856
0.99999858
0.99999860
0.99999862
0.99999864
0.99999866
0.99999868
0.99999870
0.99999872
0.99999874
0.99999876
0.99999878
0.99999880
0.99999882
0.99999884
0.99999885
0.99999887
0.99999889
0.99999891
0.99999892
0.99999894
0.99999896
0.99999897
0.99999899
0.99999900
0.99999902
0.99999904
0.99999905
0.99999907
0.99999908
0.99999910
0.99999911
0.99999913
0.99999914
0.99999915
0.99999917
0.99999918
0.99999920
0.99999921
0.99999922
0.99999924
0.99999925
0.99999926
0.99999927
0.99999929
0.99999930
0.99999931
0.99999932
0.99999933
0.99999935
0.99999936
0.99999937
0.99999938
0.99999939
0.99999940
0.99999941
0.99999943
0.99999944
0.99999945
0.99999946
0.99999947
0.99999948
0.99999949
0.99999950
0.99999951
0.99999952
0.99999953
0.99999953
0.99999954
0.99999955
0.99999956
0.99999957
0.99999958
0.99999959
0.99999960
0.99999960
0.99999961
0.99999962
0.99999963
0.99999964
0.99999964
0.99999965
0.99999966
0.99999966
0.99999967
0.99999968
0.99999969
0.99999969
0.99999970
0.99999971
0.99999971
0.99999972
0.99999973
0.99999973
0.99999974
0.99999974
0.99999975
0.99999976
0.99999976
0.99999977
0.99999977
0.99999978
0.99999978
0.99999979
0.99999979
0.99999980
0.99999980
0.99999981
0.99999981
0.99999982
0.99999982
0.99999983
0.99999983
0.99999984
0.99999984
0.99999984
0.99999985
0.99999985
0.99999986
0.99999986
0.99999986
0.99999987
0.99999987
0.99999988
0.99999988
0.99999988
0.99999989
0.99999989
0.99999989
0.99999990
0.99999990
0.99999990
0.99999990
0.99999991
0.99999991
0.99999991
0.99999992
0.99999992
0.99999992
0.99999992
0.99999993
0.99999993
0.99999993
0.99999993
0.99999994
0.99999994
0.99999994
0.99999994
0.99999994
0.99999995
0.99999995
0.99999995
0.99999995
0.99999995
0.99999996
0.99999996
0.99999996
0.99999996
0.99999996
0.99999996
0.99999997
0.99999997
0.99999997
0.99999997
0.99999997
0.99999997
0.99999997
0.99999998
0.99999998
0.99999998
0.99999998
0.99999998
0.99999998
0.99999998
0.99999998
0.99999998
0.99999999
0.99999999
0.99999999
0.99999999
0.99999999
0.99999999
0.99999999
0.99999999
0.99999999
0.99999999
0.99999999
0.99999999
0.99999999
0.99999999
1.00000000
1.00000000
1.00000000
1.00000000
1.00000000
1.00000000
1.00000000
1.00000000
1.00000000
1.00000000
1.00000000
1.00000000
1.00000000
1.00000000
1.00000000
