0.28629653
0.46871907
0.57810634
0.64646233
0.70286693
0.74261191
0.77960548
0.81127683
0.83827614
0.85774801
0.87181999
0.88298514
0.89183168
0.90002725
0.90754019
0.91353263
0.91871248
0.92379479
0.92849987
0.93259280
0.93633416
0.93975616
0.94308381
0.94615303
0.94891218
0.95147192
0.95382028
0.95606951
0.95825490
0.96035482
0.96227487
0.96406454
0.96578831
0.96743577
0.96893696
0.97033492
0.97171607
0.97298085
0.97413391
0.97524386
0.97628112
0.97725381
0.97822104
0.97915510
0.98003242
0.98083948
0.98160691
0.98234610
0.98305517
0.98373282
0.98437303
0.98499000
0.98559911
0.98619462
0.98675100
0.98728014
0.98779669
0.98829128
0.98876410
0.98921876
0.98965965
0.99008785
0.99050220
0.99091374
0.99130715
0.99169159
0.99207028
0.99243669
0.99278038
0.99311158
0.99342846
0.99373726
0.99403573
0.99432395
0.99460411
0.99488018
0.99515236
0.99541312
0.99566046
0.99589481
0.99612467
0.99634927
0.99656813
0.99678092
0.99698614
0.99718229
0.99736977
0.99755167
0.99772504
0.99788524
0.99804377
0.99819750
0.99834595
0.99848524
0.99862224
0.99875645
0.99888115
0.99899639
0.99910666
0.99921391
0.99931406
0.99941240
0.99950833
0.99959146
0.99967155
0.99974851
0.99981986
0.99988450
0.99994793
1.00000000
1.00000000
